../../.git/annex/objects/Vf/xp/MD5E-s43778--8a5cf774b992a9ae68ae9cca316b8dc7.tsv/MD5E-s43778--8a5cf774b992a9ae68ae9cca316b8dc7.tsv